# R script for Peak Model
#  -- generated by MACS
p <- c(0.025849132653737054,0.030012243330034383,0.03440243277049339,0.03924677973927573,0.04401543378667085,0.04378835502250918,0.04405328024736447,0.044999441764704766,0.04568067805718979,0.04556713867510895,0.046210528506900356,0.04689176479938537,0.0466646860352237,0.046437607271062026,0.04651330019244925,0.04628622142828758,0.04613483558551313,0.04609698912481952,0.046399760810368416,0.045642831596496174,0.04511298114678561,0.044999441764704766,0.04526436698956005,0.04515082760747922,0.04481020946123671,0.0457185245178834,0.045983449742738686,0.045869910360657844,0.045794217439270625,0.04681607187799815,0.04613483558551313,0.04552929221441534,0.04628622142828758,0.04651330019244925,0.04734592232770872,0.04658899311383648,0.046248374967593965,0.04658899311383648,0.045604985135802564,0.046399760810368416,0.0469674577207726,0.047648694013257616,0.04776223339533845,0.04802715862019374,0.047421615249095946,0.047648694013257616,0.047080997102853434,0.04658899311383648,0.04677822541730454,0.046021296203432295,0.047270229406321494,0.047875772777419286,0.0479136192381129,0.047648694013257616,0.04734592232770872,0.04681607187799815,0.04753515463117678,0.04817854446296818,0.04840562322712986,0.04938963120516377,0.04810285154158096,0.04863270199129153,0.04817854446296818,0.048935473676840424,0.04976809581209989,0.05067641086874658,0.05147118654331244,0.052152422835797456,0.05275796620689525,0.052152422835797456,0.053401356038686655,0.05207672991441023,0.052379501599959126,0.05192534407163578,0.05192534407163578,0.05162257238608688,0.050373639183197684,0.04935178474447016,0.04863270199129153,0.04874624137337236,0.04840562322712986,0.049124705980308485,0.04882193429475959,0.04780007985603207,0.048065005080887346,0.04851916260921069,0.049503170587244606,0.04999517457626156,0.050941336093601866,0.05131980070053799,0.05078995025082742,0.05007086749764879,0.05044933210458491,0.05169826530747411,0.051584725925393274,0.05173611176816772,0.05264442682481441,0.05234165513926552,0.05275796620689525,0.05275796620689525,0.05313643081383137,0.05336350957799304,0.05400689940978445,0.05377982064562277,0.05351489542076749,0.05279581266758886,0.052606580364120796,0.05309858435313775,0.05211457637510384,0.05128195423984438,0.05173611176816772,0.052190269296491065,0.0510548754756827,0.05082779671152103,0.05078995025082742,0.05120626131845715,0.04954101704793822,0.04995732811556795,0.05063856440805297,0.05067641086874658,0.05124410777915076,0.051584725925393274,0.052228115757184675,0.053022891431750534,0.05389336002770361,0.05332566311729943,0.0548016750843503,0.05430967109533334,0.05377982064562277,0.054877368005737524,0.05495306092712475,0.05514229323059281,0.05536937199475448,0.05533152553406087,0.05495306092712475,0.054877368005737524,0.05457459632018863,0.05442321047741418,0.05430967109533334,0.05536937199475448,0.05521798615198003,0.055445064916141706,0.05563429721960977,0.0560506082872395,0.05684538396180535,0.05707246272596703,0.058170010086081775,0.059191864524809304,0.059381096828277365,0.05843493531093706,0.058245703007469,0.05764015963637121,0.05748877379359676,0.057110309186660636,0.0569967698045798,0.058207856546775384,0.056921076883192576,0.05684538396180535,0.05748877379359676,0.05748877379359676,0.058018624243307323,0.05741308087220953,0.056958923343886185,0.05665615165833729,0.05623984059070756,0.05555860429822254,0.05586137598377144,0.05582352952307783,0.05536937199475448,0.05608845474793311,0.055445064916141706,0.055445064916141706,0.05680753750111174,0.05756446671498398,0.05703461626527341,0.05779154547914565,0.05862416761440512,0.0588890928392604,0.0601380260421496,0.0588890928392604,0.0588890928392604,0.06028941188492405,0.058775553457179566,0.05907832514272846,0.059191864524809304,0.05873770699648596,0.05843493531093706,0.058397088850243445,0.058586321153711506,0.059646022053132644,0.060024486660068765,0.059835254356600705,0.0601380260421496,0.06006233312076238,0.06047864418839211,0.060857108795328234,0.06089495525602184,0.0607435694132474,0.059570329131745425,0.0588890928392604,0.05968386851382626,0.060213718963536826,0.060630030031166564,0.06131126632365158,0.06131126632365158,0.061651884469894086,0.06131126632365158,0.061235573402264355,0.06203034907683021,0.06210604199821743,0.06240881368376633,0.06267373890862162,0.0629765105941705,0.06320358935833219,0.06316574289763857,0.06206819553752382,0.06290081767278329,0.06309004997625135,0.06225742784099188,0.06256019952654078,0.06278727829070245,0.061651884469894086,0.06153834508781325,0.0604407977276985,0.061046341098796295,0.06312789643694496,0.06343066812249386,0.06331712874041302,0.06343066812249386,0.06505806593231918,0.06369559334734914,0.06502021947162556,0.06566360930341697,0.06683684958491894,0.06664761728145088,0.06589068806757864,0.06520945177509362,0.06486883362885111,0.06566360930341697,0.06505806593231918,0.06600422744965947,0.06604207391035309,0.06691254250630617,0.06607992037104671,0.06573930222480419,0.06570145576411059,0.06626915267451476,0.0676316252594848,0.06785870402364647,0.06869132615890594,0.06876701908029316,0.06838855447335704,0.06816147570919537,0.06895625138376121,0.06997810582248874,0.07028087750803765,0.07031872396873125,0.06929686953000373,0.06948610183347179,0.06846424739474426,0.06831286155196982,0.06891840492306761,0.06861563323751871,0.06831286155196982,0.06819932216988897,0.06948610183347179,0.06899409784445483,0.07035657042942486,0.07115134610399072,0.07065934211497377,0.07103780672190989,0.07156765717162045,0.07262735807104159,0.07311936206005855,0.07289228329589688,0.07209750762133102,0.07308151559936493,0.07289228329589688,0.07274089745312243,0.07398983065601163,0.07429260234156053,0.0742169094201733,0.07417906295947968,0.07391413773462441,0.07588215369069223,0.07633631121901557,0.0764120041404028,0.07622277183693474,0.07595784661207945,0.07542799616236888,0.07474675986988387,0.07383844481323718,0.07444398818433497,0.07497383863404554,0.07338428728491384,0.07387629127393079,0.0745575275664158,0.07618492537624112,0.07743385857913032,0.0789477170068748,0.07974249268144067,0.08167266217681488,0.08197543386236378,0.0833000599866402,0.08451114672883579,0.08576007993172499,0.08663054852767807,0.0880308675733417,0.08856071802305228,0.09026380875426482,0.09196689948547737,0.09344291145252824,0.09416199420570687,0.0942755335877877,0.09601647077969386,0.09673555353287248,0.09715186460050222,0.09650847476871081,0.09635708892593636,0.09609216370108109,0.09628139600454914,0.0951838486444344,0.09541092740859607,0.09631924246524276,0.09703832521842139,0.09787094735368085,0.09862787656755309,0.09911988055657005,0.09980111684905507,0.1008608177484762,0.1008229712877826,0.10226113679413985,0.10354791645772267,0.10294237308662488,0.1021097509513654,0.10074727836639537,0.09949834516350617,0.09923341993865088,0.09930911286003812,0.0980223331964553,0.0989684947137956,0.09866572302824671,0.09749248274674473,0.09847649072477864,0.0995740380848934,0.10036881375945925,0.10192051864789735,0.10245036909760792,0.10343437707564183,0.1042669992109013,0.10487254258199909,0.10506177488546715,0.10653778685251802,0.10695409792014775,0.10597008994211383,0.10668917269529246,0.10797595235887528,0.10861934219066668,0.10903565325829642,0.10937627140453893,0.1086950351120539,0.10914919264037726,0.10941411786523254,0.1096033501687006,0.11017104707910479,0.1099061218542495,0.10930057848315171,0.10827872404442418,0.10786241297679444,0.10998181477563672,0.11138213382130037,0.112101216574479,0.11232829533864067,0.1124418347207215,0.11342584269875541,0.11440985067678934,0.11501539404788713,0.11709694938603579,0.11951912287042696,0.12054097730915449,0.12054097730915449,0.12137359944441396,0.12061667023054172,0.12126006006233313,0.1230766901756265,0.12489332028891988,0.12489332028891988,0.12583948180626017,0.12565024950279213,0.12477978090683904,0.1261800999525027,0.1255745565814049,0.1258773282669538,0.1277318048409408,0.12686133624498772,0.12496901321030711,