# R script for Peak Model
#  -- generated by MACS
p <- c(0.03613668447608562,0.04238461590419388,0.04998345142486609,0.05538706779512188,0.06146613621165965,0.055555930806692376,0.05606251984140386,0.05656910887611534,0.057582286945538304,0.05741342393396781,0.05741342393396781,0.05792001296867929,0.05538706779512188,0.05268525960999399,0.05420502671412843,0.054880478760410405,0.0550493417719809,0.055724793818262876,0.05369843767941695,0.053529574667846455,0.05302298563313498,0.052347533586853,0.05420502671412843,0.056906834899256326,0.05386730069098744,0.0550493417719809,0.056906834899256326,0.05673797188768583,0.05640024586454485,0.05656910887611534,0.0577511499571088,0.056906834899256326,0.053529574667846455,0.05268525960999399,0.05116549250585955,0.050152314436436585,0.04795709528602017,0.04660619119345622,0.04643732818188573,0.05049004045957757,0.052347533586853,0.05302298563313498,0.05656910887611534,0.05589365682983337,0.060959547176948174,0.061634999223230146,0.06264817729265311,0.065687711500922,0.06703861559348594,0.06484339644306952,0.06433680740835804,0.06484339644306952,0.0631547663273646,0.06484339644306952,0.06332362933893508,0.06399908138521705,0.0629859033157941,0.065687711500922,0.07463745111415815,0.07869016339184999,0.08882194408607962,0.0967585056298928,0.09743395767617478,0.09895372478030923,0.12343886145803079,0.12749157373572262,0.13711676539524076,0.13948084755722767,0.13661017636052927,0.1389742585225162,0.13559699829110633,0.13509040925639484,0.14319583381177853,0.14724854608947038,0.13745449141838176,0.14319583381177853,0.1516389843903032,0.16160190207296232,0.16413484724651972,0.16430371025809024,0.16970732662834603,0.16869414855892306,0.16666779242007715,0.16396598423494924,0.15282102547129667,0.14302697080020804,0.1312065599902735,0.11972387520347993,0.11600888894892906,0.11144958763652575,0.10705914933569291,0.104695067173706,0.10030462887287317,0.09861599875716824,0.09456328647947639,0.09388783443319441,0.0915237522712075,0.08814649203979763,0.08493809481995826,0.08139197157697789,0.07818357435713852,0.07885902640342049,0.0785213003802795,0.08308060169268283,0.09371897142162393,0.09591419057204034,0.09355010841005343,0.09067943721335504,0.09017284817864356,0.09067943721335504,0.08510695783152875,0.07717039628771555,0.07649494424143358,0.07126019088274828,0.060959547176948174,0.058764328026531754,0.05640024586454485,0.05606251984140386,0.05808887598024978,0.05707569791082682,0.05724456092239731,0.05943978007281373,0.05842660200339077,0.059102054049672746,0.0577511499571088,0.056906834899256326,0.05859546501496126,0.058257738991820275,0.05640024586454485,0.05707569791082682,0.056906834899256326,0.055724793818262876,0.055724793818262876,0.053529574667846455,0.05724456092239731,0.058257738991820275,0.060959547176948174,0.062141588257941624,0.05994636910752521,0.06146613621165965,0.06197272524637113,0.065687711500922,0.06703861559348594,0.06720747860505644,0.06585657451249248,0.06771406763976791,0.06518112246621051,0.06585657451249248,0.06771406763976791,0.06686975258191545,0.06771406763976791,0.06602543752406298,0.06534998547778101,0.06703861559348594,0.06720747860505644,0.06399908138521705,0.065687711500922,0.06518112246621051,0.06484339644306952,0.06349249235050558,0.0631547663273646,0.06467453343149904,0.0631547663273646,0.06450567041992854,0.0628170403042236,0.06450567041992854,0.06484339644306952,0.06585657451249248,0.06619430053563348,0.06771406763976791,0.06720747860505644,0.06686975258191545,0.06855838269762038,0.06805179366290891,0.06889610872076136,0.07024701281332532,0.06771406763976791,0.06771406763976791,0.06990928679018434,0.07007814980175482,0.07345541003316469,0.07007814980175482,0.06974042377861384,0.06720747860505644,0.065687711500922,0.06383021837364657,0.06534998547778101,0.06501225945464002,0.06045295814223669,0.062141588257941624,0.05994636910752521,0.06129727320008916,0.06197272524637113,0.06501225945464002,0.06636316354720397,0.06855838269762038,0.06703861559348594,0.06619430053563348,0.0683895196860499,0.0683895196860499,0.06788293065133841,0.06805179366290891,0.06737634161662692,0.06754520462819742,0.06670088957034495,0.06399908138521705,0.06366135536207607,0.0631547663273646,0.06332362933893508,0.062141588257941624,0.06264817729265311,0.06416794439678755,0.0655188484893515,0.0631547663273646,0.0631547663273646,0.062141588257941624,0.0629859033157941,0.0629859033157941,0.06197272524637113,0.06062182115380719,0.05927091706124324,0.05927091706124324,0.05724456092239731,0.05724456092239731,0.057582286945538304,0.05994636910752521,0.06146613621165965,0.06399908138521705,0.06416794439678755,0.06534998547778101,0.06332362933893508,0.0631547663273646,0.06399908138521705,0.06636316354720397,0.06771406763976791,0.06636316354720397,0.06585657451249248,0.0631547663273646,0.06501225945464002,0.06264817729265311,0.06433680740835804,0.06484339644306952,0.06467453343149904,0.06416794439678755,0.062141588257941624,0.06180386223480064,0.06129727320008916,0.061634999223230146,0.06180386223480064,0.0628170403042236,0.06129727320008916,0.06247931428108262,0.06129727320008916,0.05994636910752521,0.06129727320008916,0.06332362933893508,0.06484339644306952,0.065687711500922,0.06686975258191545,0.06872724570919088,0.07159791690588926,0.06737634161662692,0.06974042377861384,0.0683895196860499,0.06805179366290891,0.06636316354720397,0.06534998547778101,0.06619430053563348,0.06416794439678755,0.06383021837364657,0.06484339644306952,0.06805179366290891,0.06754520462819742,0.06805179366290891,0.06653202655877447,0.06653202655877447,0.06653202655877447,0.06585657451249248,0.06518112246621051,0.06332362933893508,0.06247931428108262,0.060284095130666196,0.05741342393396781,0.05927091706124324,0.06079068416537768,0.06264817729265311,0.06383021837364657,0.0631547663273646,0.06433680740835804,0.06484339644306952,0.06383021837364657,0.065687711500922,0.07126019088274828,0.07075360184803679,0.07058473883646631,0.06974042377861384,0.07193564292903025,0.0731176840100237,0.07446858810258766,0.07345541003316469,0.0758194921951516,0.07750812231085655,0.07514404014886963,0.07514404014886963,0.07446858810258766,0.07649494424143358,0.07244223196374174,0.07109132787117779,0.06872724570919088,0.07126019088274828,0.07075360184803679,0.07210450594060075,0.07244223196374174,0.07413086207944666,0.07683267026457456,0.07615721821829259,0.078352437368709,0.08240514964640086,0.08493809481995826,0.08324946470425332,0.08797762902822714,0.08595127288938122,0.0864578619240927,0.08696445095880417,0.08696445095880417,0.08730217698194517,0.08696445095880417,0.08392491675053529,0.0835871907273943,0.08865308107450912,0.08223628663483036,0.0837560537389648,0.08561354686624023,0.08493809481995826,0.08612013590095172,0.08527582084309925,0.08426264277367629,0.0864578619240927,0.08460036879681727,0.08240514964640086,0.08223628663483036,0.08071651953069592,0.08054765651912542,0.07919675242656148,0.08020993049598443,0.08257401265797135,0.08392491675053529,0.08476923180838776,0.08797762902822714,0.08662672493566319,0.08932853312079109,0.09051057420178454,0.09051057420178454,0.09355010841005343,0.09067943721335504,0.09067943721335504,0.09034171119021404,0.09051057420178454,0.08932853312079109,0.09321238238691244,0.09186147829434849,0.0915237522712075,0.09236806732905997,0.09608305358361083,0.1021621220001486,0.10199325898857811,0.10182439597700761,0.09979803983816168,0.10047349188444367,0.09726509466460428,0.09591419057204034,0.09506987551418787,0.09388783443319441,0.09051057420178454,0.0862889989125222,0.08510695783152875,0.08763990300508616,0.091692615282778,0.08966625914393207,0.09084830022492553,0.09506987551418787,0.09574532756046984,0.09608305358361083,0.09726509466460428,0.09523873852575836,0.09557646454889936,0.09642077960675181,0.0942255604563354,0.09625191659518133,0.09490101250261737,0.09574532756046984,0.09625191659518133,0.09895372478030923,0.09625191659518133,0.09726509466460428,0.0996291768265912,0.09726509466460428,0.09625191659518133,