# R script for Peak Model
#  -- generated by MACS
p <- c(0.027501222429336985,0.03179141312831355,0.03690664050017023,0.04116932997671747,0.046174552458856793,0.04675207812987287,0.047274601356030274,0.047082092799024915,0.047247100133600936,0.04815464047376906,0.0484846551429211,0.049117183258795855,0.04914468448122519,0.049667207707382595,0.04889717347936116,0.04785212702704635,0.04787962824947569,0.04834714903077442,0.047439608690606296,0.048017134361622374,0.04804463558405171,0.04768711969247033,0.04699958913173691,0.04661457201772619,0.04655956957286751,0.047219598911171605,0.046174552458856793,0.04529451334111801,0.04606454756913945,0.04600954512428077,0.045569525565411384,0.04540451823083536,0.04512950600654199,0.04548702189812337,0.04589954023456343,0.04548702189812337,0.04625705612614481,0.04732960380088895,0.046862083019590224,0.04584453778970475,0.046532068350438174,0.04639456223829149,0.04705459157659558,0.04812713925133972,0.04886967225693182,0.04889717347936116,0.04906218081393718,0.048924674701790495,0.0490071783690785,0.04919968692608386,0.049282190593371876,0.04897967714664917,0.048539657587779776,0.04774212213732901,0.047247100133600936,0.046669574462584865,0.04664207324015553,0.04642206346072083,0.046339559793432815,0.046862083019590224,0.04636706101586215,0.047439608690606296,0.04834714903077442,0.04831964780834508,0.04917218570365453,0.04980471381952928,0.04961220526252392,0.050052224821393314,0.05029973582325734,0.049309691815801214,0.049282190593371876,0.04889717347936116,0.04969470892981193,0.05060224926998005,0.04969470892981193,0.050574748047550716,0.05038223949054536,0.04994221993167596,0.04977721259709994,0.05084976027184408,0.05189480672415889,0.05167479694472419,0.050052224821393314,0.04840215147563309,0.050024723598963976,0.0490071783690785,0.049309691815801214,0.049667207707382595,0.04999722237653464,0.04933719303823055,0.04914468448122519,0.050079726043822645,0.0509322639391321,0.05186730550172955,0.0507122541596974,0.05090476271670276,0.051729799389582866,0.05178480183444154,0.05200481161387624,0.052719843397039,0.05315986295590839,0.053407373957772425,0.053049858066191044,0.05277484584189767,0.05238982872788695,0.05222482139331093,0.05159229327743618,0.05084976027184408,0.05087726149427342,0.050767256604556076,0.049474699150377235,0.04895217592421983,0.048539657587779776,0.04914468448122519,0.049309691815801214,0.0497497113746706,0.04963970648495326,0.05013472848868132,0.050024723598963976,0.05018973093354,0.0509322639391321,0.05060224926998005,0.05167479694472419,0.05095976516156143,0.051124772496137456,0.05208731528116425,0.052114816503593585,0.05288485073161502,0.05299485562133237,0.05293985317647369,0.05354488006991911,0.05489243996895662,0.05461742774466325,0.05668001942686352,0.05615749620070612,0.05552496808483137,0.05502994608110331,0.054314914297940546,0.055112449748391315,0.0559924888661301,0.05626750109042347,0.056212498645564796,0.05610249375584745,0.05483743752409795,0.05582748153155408,0.05489243996895662,0.05607499253341811,0.05610249375584745,0.05508494852596198,0.05409490451850585,0.05288485073161502,0.052279823838169606,0.05274734461946833,0.05258233728489231,0.052472332395174966,0.05354488006991911,0.05293985317647369,0.053599882514777784,0.05467243018952193,0.05464492896709259,0.05500244485867397,0.055469965639972696,0.055277457082967336,0.05497494363624463,0.054754933856809934,0.0557724790866954,0.05637750598014082,0.05579998030912474,0.05563497297454872,0.05607499253341811,0.05612999497827678,0.05612999497827678,0.05717504143059159,0.057752567101607664,0.05863260621934645,0.058660107441775786,0.05918263066793319,0.0594851441146559,0.059017623333357166,0.058302591550194405,0.059210131890362526,0.05951264533708523,0.058495100107199764,0.05899012211092783,0.058055080548330376,0.057010034096015565,0.05681752553901021,0.057532557322172974,0.05758755976703164,0.05890761844363982,0.0585226013296291,0.058247589105335736,0.05973265511651993,0.05951264533708523,0.060695197901546726,0.06231777002487761,0.062235266357589594,0.06281279202860567,0.06295029814075236,0.06374783359120313,0.0643253592622192,0.06548041060425136,0.06482038126594727,0.06561791671639805,0.06578292405097406,0.06542540815939268,0.06622294360984346,0.06586542771826208,0.06622294360984346,0.0659479313855501,0.0660304350528381,0.06501288982295263,0.06487538371080595,0.06512289471266998,0.06484788248837661,0.06468287515380058,0.06410534948278451,0.06308780425289905,0.06361032747905644,0.06355532503419777,0.06380283603606181,0.06427035681736053,0.06473787759865926,0.06347282136690977,0.06319780914261638,0.06215276269030159,0.06196025413329623,0.06289529569589368,0.0625377798043123,0.06234527124730694,0.06102521257069877,0.06141022968470949,0.06121772112770413,0.06193275291086689,0.062207765135160256,0.06259278224917098,0.06281279202860567,0.06289529569589368,0.06341781892205109,0.06396784337063782,0.06493038615566461,0.06407784826035517,0.06399534459306716,0.06399534459306716,0.06418785315007253,0.06449036659679523,0.0644628653743659,0.0643253592622192,0.06388533970334981,0.06350032258933909,0.06396784337063782,0.06490288493323529,0.06487538371080595,0.06512289471266998,0.06534290449210467,0.06619544238741412,0.06743299739673428,0.06792801940046235,0.06779051328831566,0.06913807318735318,0.06933058174435854,0.08151362328055482,0.08302619051416836,0.08341120762817908,0.0843187479683472,0.08349371129546708,0.08459376019264056,0.0856663078673847,0.08618883109354211,0.08558380420009669,0.08635383842811813,0.07370327611062312,0.07263072843587898,0.07221821009943892,0.07194319787514555,0.07276823454802565,0.07087065020040141,0.07084314897797207,0.0718331929854282,0.07249322232373229,0.07249322232373229,0.07309824921717771,0.07444580911621522,0.07571086534796471,0.07579336901525273,0.0763708946862688,0.07813097292174637,0.07862599492547444,0.07857099248061576,0.07873599981519179,0.07846098759089841,0.07881850348247979,0.07796596558717035,0.0782959802563224,0.07920352059649051,0.07991855237965327,0.08030356949366399,0.0806060829403867,0.08162362817027217,0.08118360861140278,0.08200864528428288,0.08321869907117371,0.08514378464122731,0.08574881153467272,0.08698636654399287,0.08830642522060106,0.08830642522060106,0.08825142277574238,0.08830642522060106,0.0889389533364758,0.08992899734393194,0.09160657191212149,0.09111154990839343,0.09075403401681205,0.08959898267477989,0.08948897778506254,0.0902040095682253,0.09201909024856154,0.09229410247285492,0.09333914892516973,0.09463170637934856,0.09479671371392459,0.09630928094753811,0.09743683106714093,0.09938941785962387,0.09988443986335192,0.10106699242781342,0.10191953032312286,0.10205703643526955,0.1026895645511443,0.10315708533244303,0.10315708533244303,0.1032120877773017,0.10362460611374176,0.10359710489131242,0.10362460611374176,0.10337709511187772,0.10266206332871496,0.10475215623334458,0.10461465012119789,0.10381711467074711,0.10304708044272567,0.10411962811746982,0.1037346110034591,0.1036521073361711,0.10436713911933386,0.10475215623334458,0.10442214156419252,0.10285457188572032,0.10329459144458972,0.1039546207828938,0.1047796574557739,0.1043946403417632,0.10535718312678999,0.10615471857724076,0.10579720268565938,0.1059622100202354,0.10714476258469689,0.10854732492859308,0.10937236160147319,0.10992238605005993,0.11074742272294004,0.11052741294350533,0.11085742761265738,0.110499911721076,0.10986738360520125,0.11055491416593467,0.1095373689360492,0.10950986771361987,0.10950986771361987,0.10862982859588109,0.10821731025944104,0.10920735426689716,0.10994988727248926,0.1117649679528255,0.11253500218084694,0.11294752051728699,0.11396506574717247,0.11501011219948727,0.1174852222181276,0.11919029800874649,0.11930030289846384,0.12020784323863196,0.1208403713545067,0.12078536890964803,0.1224629434778376,0.12295796548156565,0.12268295325727228,0.12345298748529372,0.12243544225540826,0.12196792147410952,0.1239480094890218,0.12282045936941897,0.12229793614326157,0.12150040069281079,0.12144539824795213,