# R script for Peak Model
#  -- generated by MACS
p <- c(0.028502270810429043,0.032502188526407454,0.03716494974960515,0.04180485430014011,0.046239048796710466,0.045736201998130326,0.04601048207008313,0.04525621187221292,0.044593368364993634,0.04498193180026011,0.044296231620378095,0.044913361782271906,0.044410514983691765,0.043290538023217806,0.04283340456996313,0.04313054131457867,0.042970544605939534,0.04292483126061407,0.04271912120664946,0.04194199433611651,0.04198770768144198,0.04210199104475565,0.04212484771741838,0.04317625465990414,0.044296231620378095,0.04445622832901723,0.04461622503765637,0.044913361782271906,0.045507635271502984,0.04607905208807133,0.04658189888665148,0.046124765433396796,0.04669618224996514,0.04628476214203594,0.04578191534345579,0.045621918634816655,0.04569048865280485,0.045096215163573775,0.044821935091620975,0.04395338153043709,0.04347339140451968,0.043701958131147016,0.04356481809517061,0.044501941674342696,0.04404480822108802,0.043793384821797954,0.04310768464191594,0.04365624478582155,0.04386195483978615,0.04466193838298184,0.04484479176428371,0.04438765831102903,0.04438765831102903,0.04374767147647248,0.04409052156641349,0.04402195154842529,0.0443648016383663,0.044227661602389896,0.044227661602389896,0.04420480492972716,0.044707651728307304,0.045507635271502984,0.04564477530747939,0.046193335451385,0.046421902178012335,0.046947605649255215,0.04703903233990615,0.047541879138486294,0.048159009300380105,0.04799901259174097,0.04733616908452169,0.046947605649255215,0.046833322285941545,0.04635333216002414,0.0462619054693732,0.046650468904639676,0.04722188572120802,0.04662761223197694,0.046444758850675075,0.04649047219600054,0.047541879138486294,0.047770445865113635,0.047473309120498096,0.047861872555764566,0.047656162501799965,0.047359025757184425,0.04697046232191795,0.04763330582913723,0.046650468904639676,0.04685617895860428,0.04703903233990615,0.04770187584712543,0.04790758590109003,0.048044725937066435,0.04843328937233291,0.049164702897540394,0.04902756286156399,0.04859328608097205,0.0494389829694932,0.05012468314937521,0.050398963221328016,0.04953040966014413,0.05014753982203795,0.05005611313138701,0.049964686440736074,0.04953040966014413,0.0494389829694932,0.04941612629683047,0.04982754640475967,0.04921041624286586,0.04921041624286586,0.04900470618890126,0.04879899613493665,0.04850185939032111,0.04891327949825032,0.04941612629683047,0.04923327291552859,0.049164702897540394,0.04911898955221493,0.04953040966014413,0.04893613617091305,0.049484696314818666,0.04955326633280687,0.0496446930234578,0.04923327291552859,0.049187559570203127,0.04955326633280687,0.050193253167363415,0.05005611313138701,0.04955326633280687,0.04953040966014413,0.050376106548665284,0.05026182318535161,0.05053610325730442,0.05117609009186097,0.05033039320333982,0.0509246666925709,0.05071895663860629,0.05103895005588457,0.052524633778962264,0.053324617322157944,0.05371318075742442,0.05391889081138902,0.0543074542466555,0.05387317746606356,0.054170314210679096,0.05380460744807535,0.05387317746606356,0.053736037430087154,0.05321033395884427,0.052913197214228734,0.05174750690842931,0.05225035370700946,0.05259320379695046,0.053027480577542405,0.05346175735813435,0.05421602755600456,0.054353167591980965,0.05369032408476169,0.05391889081138902,0.05330176064949521,0.05362175406677348,0.054124600865353624,0.05401031750203996,0.05469601768192197,0.05467316100925924,0.05583885131505866,0.05588456466038413,0.05666169153091708,0.0562045580776624,0.05739310505612456,0.0579645218726929,0.05794166520003017,0.05819308859932024,0.0576216717827519,0.05855879536192398,0.057804525164053766,0.05826165861730844,0.058627365379912186,0.05970162899506067,0.059130212178492327,0.058924502124527725,0.05894735879719046,0.05860450870724945,0.05897021546985319,0.05814737525399478,0.05835308530795938,0.05849022534393578,0.05858165203458672,0.05803309189068111,0.058307371962633914,0.05855879536192398,0.058307371962633914,0.059313065559794195,0.06018161912097808,0.06050161253825635,0.060021622412338944,0.05949591894109607,0.05997590906701348,0.06020447579364081,0.06109588602748744,0.06089017597352283,0.06111874270015017,0.060364472502279956,0.05999876573967621,0.06070732259222096,0.060958745991511035,0.062055866279322254,0.061575876153404846,0.060958745991511035,0.0607987492828719,0.061758729534706715,0.062261576333286855,0.06207872295198499,0.06182729955269491,0.06150730613541664,0.06180444288003218,0.06189586957068312,0.0629015631678434,0.06361012002038816,0.06230728967861233,0.06214729296997319,0.0612101693908011,0.06180444288003218,0.06089017597352283,0.061461592790091175,0.06169015951671852,0.06111874270015017,0.06038732917494269,0.06061589590157002,0.06189586957068312,0.06182729955269491,0.061758729534706715,0.061644446171393044,0.06251299973257693,0.061987296261334056,0.06143873611742844,0.06166730284405578,0.06143873611742844,0.06207872295198499,0.06235300302393779,0.0624901430599142,0.06361012002038816,0.06386154341967823,0.06454724359956024,0.06525580045210498,0.06617006735861433,0.06621578070393981,0.06719861762843736,0.06685576753849636,0.06658148746654355,0.06703862091979822,0.06701576424713548,0.06795288782630757,0.06811288453494671,0.06751861104571563,0.06733575766441376,0.06779289111766844,0.06811288453494671,0.06836430793423678,0.06870715802417779,0.0692557181680834,0.06927857484074613,0.06859287466086413,0.06882144138749145,0.06948428489471074,0.07044426514654556,0.07060426185518469,0.07096996861778844,0.07140424539838038,0.07126710536240398,0.07030712511056915,0.07071854521849837,0.07186137885163506,0.07234136897755246,0.07266136239483073,0.07231851230488973,0.07252422235885433,0.07245565234086614,0.07227279895956426,0.07234136897755246,0.07325563588406181,0.07373562600997922,0.07302706915743448,0.07304992583009721,0.07341563259270095,0.07460417957116311,0.07458132289850038,0.07590700991293893,0.07586129656761346,0.07691270351009923,0.07688984683743649,0.07739269363601663,0.07775840039862038,0.07894694737708254,0.0798155009382664,0.07963264755696454,0.08079833786276397,0.08068405449945029,0.08292400842039821,0.08383827532690756,0.08459254552477778,0.08573537915791446,0.08776962302489777,0.08792961973353691,0.08799818975152511,0.08923245007531273,0.09023814367247303,0.09058099376241403,0.09074099047105316,0.09224953086679359,0.09373521458987129,0.09336950782726755,0.09311808442797748,0.09432948807910237,0.09538089502158813,0.09526661165827446,0.09503804493164712,0.09636373194608568,0.09643230196407389,0.0959751685108192,0.09661515534537575,0.09716371548928136,0.09764370561519878,0.09743799556123417,0.09812369574111618,0.09800941237780252,0.09885510926632367,0.09844368915839445,0.0992893860469156,0.10002079957212309,0.10002079957212309,0.09967794948218209,0.09949509610088021,0.09997508622679763,0.10034079298940136,0.10075221309733057,0.10136934325922438,0.10248932021969834,0.10242075020171014,0.102260753493071,0.10379215056147416,0.1053692609752028,0.10621495786372395,0.10630638455437488,0.10552925768384193,0.10626067120904942,0.10653495128100222,0.10671780466230409,0.1072663648062097,0.10847776845733459,0.1088206185472756,0.10946060538183215,0.10955203207248308,0.11071772237828251,0.11149484924881545,0.11256911286396394,0.11293481962656768,0.11357480646112422,0.11423764996834351,0.11471764009426091,0.11405479658704164,0.11462621340360998,0.11549476696479387,0.11490049347556279,0.11583761705473487,0.11560905032810753,0.11595190041804854,0.11666045727059329,0.11645474721662868,0.11590618707272307,0.11631760718065229,0.11549476696479387,0.1158604737273976,0.11704902070585976,0.11775757755840452,0.11871755781023934,0.12077465834988538,0.11999753147935242,0.12180320861970839,0.12292318558018235,0.12306032561615875,0.12411173255864451,0.1249802861198284,0.12514028282846754,0.12642025649758062,0.1268088199328471,0.12671739324219616,0.12811165027462293,0.12772308683935646,0.1270145299868117,0.1286373537458658,0.12827164698326207,0.128705923763854,0.12893449049048133,