# R script for Peak Model
#  -- generated by MACS
p <- c(0.02938951270102655,0.03434206916505763,0.0393597908457207,0.04515949512596762,0.050894034189582556,0.04965589507357479,0.04965589507357479,0.050763703756318584,0.05213217330559033,0.05180634722243039,0.050763703756318584,0.051219860272742494,0.05128502548937448,0.05056820810642262,0.05024238202326268,0.054478121104341894,0.053891634154654,0.05304448633843816,0.05213217330559033,0.05193667765569437,0.052457999388750266,0.05180634722243039,0.05271866025527822,0.05291415590517418,0.052653495038646234,0.050437877673158646,0.05141535592263846,0.05304448633843816,0.05369613850475804,0.05330514720496611,0.05213217330559033,0.05219733852222232,0.050828868972950574,0.050894034189582556,0.05056820810642262,0.05017721680663069,0.05030754723989467,0.04952556464031081,0.04946039942367882,0.04991655594010274,0.050633373323054606,0.05056820810642262,0.050698538539686595,0.050894034189582556,0.05128502548937448,0.05200184287232635,0.052848990688542194,0.052523164605382255,0.052327668955486295,0.052457999388750266,0.052523164605382255,0.05271866025527822,0.05271866025527822,0.05115469505611051,0.050763703756318584,0.048808747257358946,0.04776610379124714,0.04809192987440708,0.048873912473990935,0.05004688637336672,0.04978622550683876,0.05037271245652666,0.051024364622846534,0.052457999388750266,0.05239283417211828,0.05493427762076581,0.054412955887709905,0.053891634154654,0.054152295021181955,0.05317481677170213,0.05369613850475804,0.054478121104341894,0.05519493848729376,0.05376130372139003,0.05480394718750183,0.054282625454445926,0.05584659065361364,0.05584659065361364,0.0549994428373978,0.05395679937128599,0.05304448633843816,0.052327668955486295,0.05128502548937448,0.052457999388750266,0.05187151243906238,0.05037271245652666,0.049395234207046834,0.049199738557150874,0.049395234207046834,0.050828868972950574,0.050894034189582556,0.050828868972950574,0.050763703756318584,0.04972106029020677,0.04978622550683876,0.04985139072347075,0.050828868972950574,0.05200184287232635,0.052327668955486295,0.05219733852222232,0.05376130372139003,0.05473878197086984,0.05519493848729376,0.056237581953405565,0.05845319931889316,0.05890935583531707,0.057801547152573275,0.05688923411972545,0.057671216719309304,0.05747572106941334,0.056302747170037554,0.05454328632097388,0.05486911240413382,0.055781425436981655,0.054217460237813944,0.05369613850475804,0.05382646893802202,0.05480394718750183,0.054087129804549966,0.05460845153760587,0.05402196458791798,0.05545559935382171,0.056237581953405565,0.05539043413718973,0.05669373846982948,0.057671216719309304,0.05721506020288539,0.0565634080365655,0.0565634080365655,0.055781425436981655,0.05682406890309346,0.054673616754237854,0.05584659065361364,0.05506460805402978,0.05454328632097388,0.05382646893802202,0.054282625454445926,0.054347790671077915,0.05395679937128599,0.05473878197086984,0.05493427762076581,0.05793187758583725,0.056302747170037554,0.056172416736773575,0.05526010370392575,0.05519493848729376,0.05454328632097388,0.05402196458791798,0.05402196458791798,0.05310965155507015,0.05297932112180617,0.05135019070600647,0.05030754723989467,0.05219733852222232,0.05193667765569437,0.05271866025527822,0.05382646893802202,0.05402196458791798,0.054152295021181955,0.054673616754237854,0.05506460805402978,0.055976921086877615,0.05741055585278135,0.059430677568372975,0.06027782538458882,0.06262377318334038,0.06236311231681243,0.06294959926650032,0.06340575578292423,0.06503488619872394,0.06529554706525188,0.06418773838250809,0.06438323403240405,0.06171146015049255,0.061320468850700624,0.0636012514328202,0.06483939054882797,0.06483939054882797,0.06399224273261213,0.06340575578292423,0.06314509491639629,0.06236311231681243,0.060994642767540685,0.06275410361660436,0.06164629493386056,0.05741055585278135,0.05708472976962141,0.05721506020288539,0.0581925384523652,0.057606051502677315,0.05708472976962141,0.05669373846982948,0.05695439933635743,0.05526010370392575,0.05584659065361364,0.05584659065361364,0.05558592978708569,0.054673616754237854,0.054673616754237854,0.054478121104341894,0.0571498949862534,0.05897452105194906,0.05884419061868508,0.059430677568372975,0.059626173218268935,0.059691338434900924,0.06008232973469285,0.06053848625111677,0.05956100800163695,0.06027782538458882,0.057280225419517376,0.05649824281993352,0.0581925384523652,0.059495842785004964,0.0587790254020531,0.05825770366899719,0.05832286888562918,0.05806220801910123,0.059300347135109,0.059170016701845025,0.06053848625111677,0.06268893839997237,0.06008232973469285,0.057280225419517376,0.05890935583531707,0.05890935583531707,0.058127373235733214,0.06034299060122081,0.059170016701845025,0.05838803410226117,0.05890935583531707,0.057736381935941286,0.05845319931889316,0.06014749495132484,0.05923518191847701,0.059365512351740986,0.06034299060122081,0.059495842785004964,0.06034299060122081,0.0625586079667084,0.06236311231681243,0.06347092099955623,0.06444839924903605,0.06366641664945219,0.06438323403240405,0.06496972098209194,0.06536071228188388,0.06392707751598015,0.06483939054882797,0.06229794710018044,0.061320468850700624,0.06053848625111677,0.06021266016795683,0.06086431233427671,0.06112497320080466,0.06014749495132484,0.0598216688681649,0.06184179058375653,0.06236311231681243,0.06281926883323635,0.0625586079667084,0.06288443404986833,0.06327542534966026,0.10432951182781265,0.1099988856747956,0.11195384217375523,0.1126706595567071,0.11234483347354715,0.11886135513674595,0.11990399860285776,0.12081631163570558,0.1207511464190736,0.11977366816959378,0.07878474690807338,0.07291987741119448,0.07200756437834664,0.07148624264529074,0.07103008612886683,0.06275410361660436,0.0625586079667084,0.06301476448313231,0.06321026013302827,0.06268893839997237,0.06249344275007641,0.06386191229934815,0.06483939054882797,0.06607752966483574,0.0668595122644196,0.06874930354674724,0.07031326874591495,0.07103008612886683,0.07109525134549881,0.07526582520994604,0.07565681650973796,0.07376702522741031,0.0727895469779305,0.07305020784445845,0.07200756437834664,0.07174690351181869,0.0711604165621308,0.06972678179622706,0.07057392961244291,0.06920546006317116,0.06966161657959508,0.07148624264529074,0.07285471219456248,0.0722682252448746,0.07409285131057025,0.07357152957751435,0.07370186001077833,0.07533099042657802,0.07617813824279386,0.07780726865859357,0.07898024255796934,0.07943639907439326,0.08028354689060911,0.08132619035672091,0.08132619035672091,0.08380246858873645,0.08477994683821627,0.08464961640495229,0.08543159900453615,0.08536643378790416,0.08523610335464019,0.08764721637002373,0.08784271201991971,0.08868985983613555,0.09025382503530326,0.09051448590183121,0.09031899025193524,0.09103580763488711,0.09155712936794301,0.09240427718415886,0.09207845110099892,0.09051448590183121,0.09025382503530326,0.08979766851887934,0.08992799895214332,0.08836403375297561,0.08953700765235138,0.09070998155172717,0.08921118156919144,0.08823370331971163,0.08771238158665573,0.0888853554860315,0.08882019026939952,0.08927634678582344,0.08973250330224736,0.09409857281659054,0.09396824238332657,0.0927301032673188,0.09429406846648651,0.09357725108353464,0.09637935539871012,0.09624902496544614,0.09846464233093373,0.09839947711430175,0.09677034669850204,0.0932514250003747,0.09344692065027066,0.09501088584943837,0.0938379119500626,0.09416373803322253,0.0932514250003747,0.09227394675089488,0.08986283373551134,0.08901568591929548,0.08940667721908742,0.08927634678582344,0.08914601635255946,0.08882019026939952,0.08875502505276753,0.08868985983613555,0.0899931641687753,0.09038415546856723,0.091622294584575,0.09233911196752687,0.09344692065027066,0.09364241630016663,0.09488055541617439,0.09514121628270235,0.0964445206153421,0.09761749451471789,0.0964445206153421,0.0975523292980859,0.09742199886482193,0.09677034669850204,0.09826914668103777,0.09872530319746169,0.09931179014714958,0.09950728579704554,0.09957245101367752,0.09885563363072566,0.10126674664610921,0.10048476404652536,