# R script for Peak Model
#  -- generated by MACS
p <- c(0.02681707175898615,0.03150867126961623,0.035478486240149376,0.03983695442458087,0.044167661665162485,0.04458407582291072,0.04391781317051355,0.043751247507414256,0.04333483334966602,0.04380676939511402,0.04300170202346744,0.04302946296731732,0.04350139901276531,0.04255752692186932,0.04286289730421802,0.043390355237365785,0.04344587712506555,0.043529159956615195,0.04394557411436343,0.04411213977746272,0.044528553935210956,0.04397333505821331,0.04361244278816484,0.0446118367667606,0.0449172071491093,0.044334227328261776,0.044167661665162485,0.044306466384411894,0.04394557411436343,0.044167661665162485,0.044667358654460365,0.04488944620525942,0.04469511959831025,0.04519481658760813,0.04486168526140954,0.04486168526140954,0.04536138225070742,0.04486168526140954,0.04522257753145801,0.04502825092450883,0.045472426026106946,0.045583469801506474,0.04627749339775353,0.046083166790804354,0.04541690413840718,0.04488944620525942,0.04486168526140954,0.045167055643758246,0.044833924317559656,0.044667358654460365,0.04475064148601001,0.045444665082257064,0.044972729036809066,0.044972729036809066,0.045444665082257064,0.04541690413840718,0.04469511959831025,0.04527809941915777,0.045472426026106946,0.04555570885765659,0.04488944620525942,0.04408437883361284,0.0441399007213126,0.043862291282813784,0.044389749215961546,0.044361988272111665,0.04550018696995683,0.04563899168920624,0.045805557352305536,0.04550018696995683,0.04505601186835871,0.04525033847530789,0.04602764490310459,0.04605540584695447,0.0453891431945573,0.04613868867850412,0.04597212301540483,0.045944362071554945,0.04602764490310459,0.045805557352305536,0.04677719038705141,0.04649958094855259,0.046221971510053764,0.04636077622930317,0.046582863780102235,0.04744345303944858,0.046721668499351644,0.04602764490310459,0.046110927734654236,0.046888234162450936,0.04677719038705141,0.04708256076940011,0.046166449622354,0.0453891431945573,0.04605540584695447,0.04500048998065895,0.04602764490310459,0.04633301528545329,0.04613868867850412,0.04555570885765659,0.04619421056620388,0.04555570885765659,0.046110927734654236,0.04652734189240247,0.04522257753145801,0.04552794791380671,0.04511153375605848,0.04527809941915777,0.04591660112770506,0.04599988395925471,0.0441399007213126,0.04533362130685754,0.045944362071554945,0.046083166790804354,0.04691599510630082,0.046221971510053764,0.04591660112770506,0.045777796408455654,0.04455631487906084,0.044944968092959184,0.04555570885765659,0.045805557352305536,0.04555570885765659,0.04655510283625235,0.04644405906085282,0.047387931151748816,0.04763777964639775,0.047665540590247635,0.048470607961894216,0.04852612984959398,0.049608806659739386,0.04919239250199115,0.04980313326668856,0.05010850364903727,0.04985865515438832,0.04996969892978785,0.05041387403138597,0.050691483469884786,0.05063596158218502,0.05105237573993326,0.050524917806785495,0.050663722526034904,0.05077476630143444,0.04991417704208809,0.05127446329073231,0.05110789762763302,0.05071924441373467,0.05033059119983632,0.050386113087536086,0.05074700535758456,0.0508302881891342,0.05105237573993326,0.05041387403138597,0.05027506931213656,0.05016402553673703,0.04977537232283868,0.04888702211964245,0.049442240996640095,0.049581045715889505,0.04808195474799587,0.04838732513034457,0.04747121398329846,0.04872045645654316,0.04874821740039304,0.04874821740039304,0.04952552382818974,0.050858049132984084,0.05071924441373467,0.05110789762763302,0.05343981691102312,0.05341205596717324,0.05382847012492147,0.05277355425862595,0.05313444652867442,0.053078924640974655,0.05313444652867442,0.05277355425862595,0.052745793314776065,0.05288459803402548,0.05224609632547819,0.05302340275327489,0.05443921088961888,0.05468905938426782,0.0547168203281177,0.05455025466501841,0.05396727484417088,0.054411449945769,0.054661298440417935,0.05552188769976428,0.055771736194413224,0.05552188769976428,0.05485562504736711,0.055299800148965225,0.055938301857512515,0.0570487396115078,0.05852006963555155,0.06029677004194401,0.06068542325584236,0.06068542325584236,0.06054661853659295,0.06090751080664142,0.06154601251518871,0.061795861009837645,0.06187914384138729,0.06168481723443812,0.060851988918941655,0.05965826833339672,0.06057437948044283,0.059741551164946366,0.0601579653226946,0.060074682491144955,0.059436180782597665,0.05852006963555155,0.05840902586015202,0.05718754433075721,0.057492914713105914,0.05654904262220992,0.05571621430671346,0.056437998846810396,0.055938301857512515,0.05618815035216145,0.05588277996981275,0.05729858810615674,0.05677113017300898,0.057826046039304496,0.0589087228494499,0.06040781381734354,0.06032453098579389,0.06001916060344519,0.05960274644569696,0.059436180782597665,0.05999139965959531,0.05976931210879625,0.06082422797509177,0.060990793638191064,0.06013020437884472,0.05951946361414731,0.059214093231798604,0.05832574302860238,0.059297376063348256,0.05996363871574542,0.0601579653226946,0.05951946361414731,0.059713790221096484,0.059269615119498374,0.05918633228794872,0.06024124815424425,0.06090751080664142,0.06199018761678682,0.06240660177453505,0.0620179485606367,0.06285077687613316,0.06321166914618163,0.06285077687613316,0.06332271292158116,0.06351703952853034,0.06312838631463198,0.0637391270793294,0.06360032236007998,0.06337823480928093,0.06296182065153269,0.062434362718384935,0.06335047386543105,0.06415554123707763,0.06371136613547951,0.0648218038894748,0.06473852105792516,0.06498836955257409,0.06601552447501974,0.06651522146431761,0.06787550771296183,0.0679310296006616,0.06851400942150912,0.06926355490545594,0.07059608021025028,0.07037399265945123,0.07117906003109781,0.07112353814339804,0.07131786475034722,0.07162323513269592,0.07137338663804699,0.0716787570203957,0.07137338663804699,0.0710402553118484,0.07031847077175146,0.07040175360330111,0.06995757850170299,0.06984653472630346,0.06951340340010488,0.0696522081193543,0.07012414416480228,0.07048503643485075,0.07084592870489922,0.07106801625569828,0.07109577719954817,0.07065160209795004,0.07198412740274439,0.0732056089321392,0.07370530592143708,0.07395515441608602,0.07395515441608602,0.07423276385458484,0.07498230933853166,0.0747602217877326,0.07728646767807187,0.07986823545611092,0.08100643415395609,0.08070106377160738,0.08217239379565114,0.08256104700954948,0.08458759591059088,0.08614220876618428,0.08730816840787933,0.08919591258967131,0.08964008769126944,0.08947352202817015,0.09050067695061578,0.09302692284095505,0.09333229322330376,0.09338781511100352,0.09313796661635458,0.09383199021260163,0.09366542454950234,0.09394303398800116,0.09485914513504727,0.09519227646124587,0.09433168720189951,0.09344333699870329,0.09305468378480494,0.09674688931683927,0.09802389273393385,0.09785732707083454,0.09807941462163361,0.09844030689168207,0.0973021081938369,0.09830150217243266,0.0982459802847329,0.0983847850039823,0.10018924635422465,0.09780180518313478,0.09835702406013243,0.09930089615102841,0.09999491974727547,0.10021700729807453,0.10110535750127075,0.10168833732211828,0.10349279867236062,0.10532502096645284,0.1049086068087046,0.10593576173115025,0.1055471085172519,0.10568591323650131,0.10735156986749424,0.10776798402524247,0.10898946555463729,0.10793454968834176,0.10685187287819636,0.10532502096645284,0.10540830379800249,0.1058524788996006,0.10604680550654978,0.10560263040495166,0.1047698020894552,0.10432562698785709,0.10307638451461239,0.10357608150391026,0.10515845530335355,0.10526949907875308,0.10654650249584766,0.106935155709746,0.10621337116964907,0.10715724326054506,0.10651874155199778,0.10779574496909235,0.10829544195839023,0.10912827027388669,0.108822899891538,0.11068288312948009,0.11112705823107821,0.11107153634337845,0.1119043646588749,0.1125428663674222,0.1139309135599163,0.11454165432461372,0.11565209207860899,0.11659596416950499,0.11812281608124851,0.11881683967749557,0.11909444911599439,0.12051025725233837,0.12206487010793178,0.12325859069347671,0.12356396107582542,0.12439678939132187,0.12506305204371904,