# R script for Peak Model
#  -- generated by MACS
p <- c(0.03265596936276329,0.0381975884061413,0.044431909829941565,0.05116101866832915,0.059077617301726316,0.06075989451132321,0.06264008668675504,0.06214529927216771,0.0627390441696725,0.06362966151592968,0.06362966151592968,0.0644213213792694,0.06392653396468208,0.06283800165258996,0.0610567669600756,0.059077617301726316,0.06174946934049785,0.06075989451132321,0.06066093702840575,0.060067192130900955,0.06095780947715814,0.06026510709673589,0.061254681925910534,0.06026510709673589,0.060364064579653355,0.05986927716506603,0.056702637711707166,0.059077617301726316,0.05769221254088181,0.05818699995546913,0.05868178737005646,0.05779117002379928,0.057989084989634204,0.05986927716506603,0.05986927716506603,0.06155155437466293,0.06214529927216771,0.06066093702840575,0.061254681925910534,0.061254681925910534,0.061353639408827994,0.06115572444299307,0.05927553226756124,0.059176574784643776,0.05878074485297392,0.05729638260921195,0.0582859574383866,0.059077617301726316,0.059572404716313636,0.060463022062570815,0.060858851994240674,0.06194738430633279,0.06333278906717729,0.06333278906717729,0.06264008668675504,0.06254112920383757,0.06066093702840575,0.0596713621992311,0.060463022062570815,0.060858851994240674,0.060364064579653355,0.06452027886218686,0.06521298124260912,0.06432236389635193,0.06679630096928854,0.06847857817888545,0.0677858757984632,0.06798379076429811,0.06798379076429811,0.06758796083262826,0.06927023804222515,0.0674890033497108,0.06768691831554573,0.07016085538848234,0.06927023804222515,0.06956711049097755,0.07105147273473952,0.0719420900809967,0.07055668532015219,0.06897336559347277,0.06709317341804094,0.06640047103761869,0.06600464110594884,0.06333278906717729,0.06353070403301221,0.0610567669600756,0.06174946934049785,0.062442171720920106,0.06382757648176461,0.06392653396468208,0.06333278906717729,0.06115572444299307,0.05947344723339617,0.06155155437466293,0.0582859574383866,0.06016614961381842,0.06145259689174546,0.059572404716313636,0.060364064579653355,0.06026510709673589,0.061650511857580394,0.06184842682341532,0.06323383158425983,0.06214529927216771,0.06303591661842489,0.06214529927216771,0.05878074485297392,0.06026510709673589,0.05868178737005646,0.059176574784643776,0.05729638260921195,0.05897865981880885,0.06066093702840575,0.0610567669600756,0.06432236389635193,0.06501506627677418,0.06659838600345362,0.06679630096928854,0.0655098536913615,0.0655098536913615,0.0691712805593077,0.0674890033497108,0.06461923634510433,0.06293695913550743,0.06303591661842489,0.06254112920383757,0.06382757648176461,0.06452027886218686,0.0655098536913615,0.06709317341804094,0.0655098536913615,0.06560881117427897,0.06936919552514262,0.07035877035431727,0.06946815300806009,0.06857753566180291,0.06828066321305051,0.06531193872552658,0.06590568362303137,0.06511402375969165,0.06452027886218686,0.06461923634510433,0.06155155437466293,0.06095780947715814,0.060364064579653355,0.061353639408827994,0.05986927716506603,0.06303591661842489,0.06372861899884714,0.06323383158425983,0.06461923634510433,0.06640047103761869,0.06758796083262826,0.06897336559347277,0.06936919552514262,0.06847857817888545,0.06966606797389502,0.06867649314472037,0.06857753566180291,0.06897336559347277,0.06729108838387587,0.06679630096928854,0.06560881117427897,0.0647181938280218,0.06372861899884714,0.06402549144759954,0.06323383158425983,0.06224425675508518,0.06184842682341532,0.0627390441696725,0.06313487410134236,0.06333278906717729,0.06362966151592968,0.064124448930517,0.06521298124260912,0.06501506627677418,0.06541089620844404,0.06610359858886629,0.06689525845220601,0.0658067261401139,0.06560881117427897,0.0658067261401139,0.06689525845220601,0.06560881117427897,0.06560881117427897,0.0655098536913615,0.06600464110594884,0.06649942852053616,0.0658067261401139,0.06709317341804094,0.0674890033497108,0.0688744081105553,0.06818170573013305,0.06828066321305051,0.06699421593512347,0.06798379076429811,0.06788483328138066,0.06788483328138066,0.0677858757984632,0.06798379076429811,0.06798379076429811,0.06570776865719644,0.06541089620844404,0.06758796083262826,0.06897336559347277,0.0677858757984632,0.06729108838387587,0.0655098536913615,0.0658067261401139,0.06560881117427897,0.06541089620844404,0.06640047103761869,0.06897336559347277,0.07006189790556487,0.06907232307639023,0.07174417511516178,0.07243687749558403,0.07451498463685077,0.07540560198310796,0.07481185708560317,0.07510872953435556,0.07411915470518092,0.07075460028598712,0.06828066321305051,0.06828066321305051,0.06590568362303137,0.06610359858886629,0.0647181938280218,0.06362966151592968,0.06432236389635193,0.06402549144759954,0.06521298124260912,0.06590568362303137,0.06768691831554573,0.06877545062763783,0.07045772783723474,0.06936919552514262,0.07016085538848234,0.07045772783723474,0.07055668532015219,0.0699629404226474,0.06956711049097755,0.06986398293972995,0.06679630096928854,0.06600464110594884,0.06570776865719644,0.06709317341804094,0.06689525845220601,0.06659838600345362,0.0647181938280218,0.06570776865719644,0.0655098536913615,0.06610359858886629,0.06907232307639023,0.07016085538848234,0.0699629404226474,0.06837962069596798,0.06847857817888545,0.06867649314472037,0.07065564280306966,0.07065564280306966,0.0736243672905936,0.07540560198310796,0.07520768701727303,0.07352540980767613,0.07352540980767613,0.0750097720514381,0.07461394211976824,0.07629621932936514,0.07599934688061274,0.07629621932936514,0.07421811218809839,0.07293166491017135,0.0719420900809967,0.07451498463685077,0.07481185708560317,0.07491081456852064,0.07688996422686993,0.0763951768122826,0.07599934688061274,0.07629621932936514,0.07590038939769528,0.07411915470518092,0.07530664450019049,0.0744160271539333,0.07461394211976824,0.07520768701727303,0.07411915470518092,0.07451498463685077,0.07510872953435556,0.0744160271539333,0.07342645232475867,0.07312957987600627,0.07204104756391416,0.07322853735892373,0.07154626014932684,0.07075460028598712,0.07154626014932684,0.07312957987600627,0.07451498463685077,0.0763951768122826,0.07886911388521922,0.08272845571900034,0.08510343530901948,0.08490552034318455,0.08916069210863553,0.09064505435239749,0.09024922442072764,0.09074401183531496,0.09173358666448961,0.09173358666448961,0.09054609686948002,0.08945756455738792,0.08876486217696566,0.09054609686948002,0.08995235197197524,0.0900513094548927,0.09074401183531496,0.09163462918157214,0.0923273315619944,0.094801268634931,0.09757207815662,0.10172829243915352,0.10519180434126478,0.10350952713166787,0.1026189097854107,0.10440014447792506,0.10519180434126478,0.10311369719999802,0.10172829243915352,0.10113454754164873,0.10182724992207098,0.1012335050245662,0.10044184516122648,0.10073871760997888,0.10281682475124562,0.10192620740498845,0.10271786726832817,0.10143141999040113,0.10083767509289633,0.10073871760997888,0.09965018529788676,0.09569188598118818,0.09252524652782931,0.09163462918157214,0.09212941659615946,0.09183254414740706,0.09173358666448961,0.0945043961861786,0.09569188598118818,0.09687937577619776,0.09628563087869296,0.09717624822495015,0.0978689506053724,0.09974914278080423,0.0964835458445279,0.10034288767830901,0.10054080264414395,0.0978689506053724,0.09717624822495015,0.09618667339577551,0.09598875842994058,0.09757207815662,0.09984810026372169,0.09935331284913437,0.09984810026372169,0.09529605604951832,0.0945043961861786,0.09529605604951832,0.09588980094702311,0.0945043961861786,0.09539501353243579,0.09420752373742622,0.09371273632283889,0.09529605604951832,0.09608771591285804,0.09687937577619776,0.09668146081036283,0.09747312067370255,0.09539501353243579,0.09460335366909607,0.09549397101535326,0.09529605604951832,0.09331690639116903,0.0923273315619944,0.09400960877159129,0.09687937577619776,0.09945227033205184,0.10301473971708056,0.10816052882878871,0.10964489107255068,0.110139678487138,0.11291048800882701,0.11667087235969066,0.11587921249635094,0.11676982984260813,0.11439485025258897,0.1112282107992301,0.10776469889711886,