# R script for Peak Model
#  -- generated by MACS
p <- c(0.04082883766552232,0.04671407552721923,0.05125061304561059,0.0571358509073075,0.0614271701814615,0.06032368808239333,0.0597106424717999,0.05897498773908779,0.05640019617459539,0.055174104953408534,0.05480627758705248,0.05407062285434036,0.0571358509073075,0.05897498773908779,0.06093673369298676,0.061304561059342816,0.06118195193722413,0.06277587052476705,0.06351152525747916,0.06363413437959785,0.06436978911230995,0.06461500735654732,0.06326630701324179,0.0631436978911231,0.061672388425698874,0.05995586071603727,0.06020107896027464,0.06032368808239333,0.0614271701814615,0.061059342815105444,0.05922020598332516,0.05848455125061305,0.056768023540951444,0.05492888670917116,0.05652280529671407,0.056768023540951444,0.05664541441883276,0.05664541441883276,0.05689063266307013,0.059097596861206476,0.0622854340362923,0.0631436978911231,0.06461500735654732,0.06461500735654732,0.06412457086807258,0.06412457086807258,0.06559588033349681,0.06351152525747916,0.061304561059342816,0.05995586071603727,0.05640019617459539,0.05787150564001962,0.057626287395782246,0.05848455125061305,0.05995586071603727,0.06020107896027464,0.05787150564001962,0.05995586071603727,0.06510544384502207,0.07025502697400686,0.07491417361451692,0.08141245708680726,0.08484551250613045,0.08423246689553703,0.08153506620892595,0.09968121628249142,0.10654732712113782,0.10912211868563021,0.11132908288376656,0.11083864639529181,0.11157430112800393,0.1109612555174105,0.11169691025012261,0.12015693967631191,0.1255517410495341,0.11549779303580186,0.1151299656694458,0.12187346738597352,0.12432564982834723,0.12309955860716038,0.1288621873467386,0.1287395782246199,0.12861696910250123,0.1245708680725846,0.12101520353114271,0.1151299656694458,0.11463952918097106,0.11047081902893575,0.1058116723884257,0.10421775380088279,0.09833251593918588,0.09502206964198136,0.09428641490926926,0.09269249632172634,0.09440902403138794,0.09526728788621873,0.0922020598332516,0.08815595880333497,0.08472290338401177,0.08263854830799411,0.07822461991172143,0.07712113781265326,0.07834722903384012,0.07724374693477194,0.07650809220205983,0.07957332025502697,0.0767533104462972,0.07503678273663561,0.07368808239333006,0.07687591956841588,0.07712113781265326,0.07540461010299167,0.07172633643943109,0.07025502697400686,0.06927415399705739,0.06510544384502207,0.06559588033349681,0.06682197155468367,0.06817067189798921,0.06522805296714075,0.06510544384502207,0.06375674350171653,0.06289847964688573,0.06436978911230995,0.06718979892103973,0.06694458067680235,0.06792545365375184,0.06633153506620892,0.06706718979892104,0.06804806277587053,0.06853849926434527,0.06964198136341344,0.07099068170671897,0.06890632663070133,0.0674350171652771,0.06547327121137812,0.06522805296714075,0.0657184894556155,0.06522805296714075,0.06645414418832761,0.0674350171652771,0.06804806277587053,0.06866110838646396,0.06878371750858264,0.06768023540951447,0.06841589014222658,0.06682197155468367,0.06718979892103973,0.06608631682197155,0.0631436978911231,0.06253065228052967,0.06032368808239333,0.05836194212849436,0.05946542422756253,0.059097596861206476,0.0597106424717999,0.06216282491417362,0.06240804315841099,0.06216282491417362,0.06289847964688573,0.06424717999019126,0.06645414418832761,0.07013241785188817,0.06976459048553213,0.0700098087297695,0.06964198136341344,0.06853849926434527,0.06780284453163316,0.06804806277587053,0.06878371750858264,0.0674350171652771,0.0674350171652771,0.0657184894556155,0.06547327121137812,0.06620892594409024,0.06768023540951447,0.0682932810201079,0.06927415399705739,0.06976459048553213,0.07013241785188817,0.06731240804315841,0.06755762628739578,0.06645414418832761,0.06596370769985287,0.06424717999019126,0.06338891613536048,0.06154977930358019,0.061304561059342816,0.061059342815105444,0.06240804315841099,0.06522805296714075,0.06424717999019126,0.06449239823442864,0.06449239823442864,0.06694458067680235,0.0682932810201079,0.07209416380578715,0.0707454634624816,0.07221677292790583,0.07037763609612555,0.07099068170671897,0.07184894556154978,0.0724619911721432,0.07332025502697401,0.07135850907307503,0.07025502697400686,0.06853849926434527,0.06964198136341344,0.06841589014222658,0.06780284453163316,0.06706718979892104,0.06939676311917607,0.06792545365375184,0.06964198136341344,0.07013241785188817,0.07037763609612555,0.06902893575282001,0.06866110838646396,0.06780284453163316,0.07050024521824423,0.07062285434036292,0.07013241785188817,0.07197155468366846,0.0724619911721432,0.07442373712604218,0.0734428641490927,0.07381069151544875,0.07442373712604218,0.07491417361451692,0.07307503678273664,0.07381069151544875,0.0724619911721432,0.07099068170671897,0.06951937224129476,0.06768023540951447,0.06890632663070133,0.07037763609612555,0.0691515448749387,0.0700098087297695,0.07086807258460029,0.0700098087297695,0.06890632663070133,0.07025502697400686,0.06951937224129476,0.06755762628739578,0.06682197155468367,0.0665767533104463,0.06853849926434527,0.06841589014222658,0.06878371750858264,0.06927415399705739,0.06976459048553213,0.06902893575282001,0.06976459048553213,0.07282981853849926,0.07319764590485532,0.07319764590485532,0.07197155468366846,0.07233938205002452,0.07111329082883766,0.0700098087297695,0.06964198136341344,0.07050024521824423,0.07135850907307503,0.07184894556154978,0.07197155468366846,0.07148111819519372,0.07282981853849926,0.07209416380578715,0.07368808239333006,0.07540461010299167,0.07650809220205983,0.07479156449239824,0.07393330063756744,0.07503678273663561,0.0751593918587543,0.07466895537027955,0.07503678273663561,0.07577243746934773,0.07564982834722904,0.07638548307994114,0.0751593918587543,0.07528200098087298,0.07368808239333006,0.0707454634624816,0.06988719960765082,0.07282981853849926,0.07282981853849926,0.07552721922511035,0.0751593918587543,0.07491417361451692,0.07687591956841588,0.0784698381559588,0.0801863658656204,0.0784698381559588,0.07945071113290829,0.07785679254536537,0.07638548307994114,0.0760176557135851,0.07871505640019617,0.07920549288867092,0.08006375674350172,0.0801863658656204,0.08030897498773909,0.08484551250613045,0.08607160372731731,0.08742030407062286,0.09085335948994605,0.09036292300147131,0.08840117704757235,0.08729769494850417,0.08852378616969102,0.09109857773418342,0.09416380578715057,0.09404119666503188,0.09575772437469347,0.09661598822952427,0.09538989700833742,0.09673859735164296,0.09955860716037274,0.10311427170181461,0.1023786169691025,0.1032368808239333,0.10286905345757724,0.10348209906817067,0.10335948994605199,0.10642471799901913,0.10765080922020598,0.1074055909759686,0.10777341834232466,0.10777341834232466,0.1083864639529181,0.10752820009808729,0.10691515448749386,0.10630210887690045,0.10556645414418833,0.10335948994605199,0.10262383521333987,0.10470819028935753,0.10544384502206965,0.10348209906817067,0.10360470819028936,0.10335948994605199,0.10311427170181461,0.10384992643452673,0.10311427170181461,0.1023786169691025,0.1032368808239333,0.09857773418342325,0.09661598822952427,0.09759686120647376,0.09882295242766062,0.09857773418342325,0.09968121628249142,0.1006620892594409,0.10188818048062775,0.10053948013732222,0.09919077979401668,0.10213339872486513,0.10335948994605199,0.10225600784698381,0.09906817067189799,0.10090730750367827,0.09882295242766062,0.09931338891613536,0.09943599803825405,0.10090730750367827,0.10127513487003433,0.10176557135850907,0.0999264345267288,0.1023786169691025,0.10201078960274644,0.09980382540461011,0.0999264345267288,0.09919077979401668,0.09784207945071113,0.09919077979401668,0.09906817067189799,0.0989455615497793,0.0980872976949485,0.0955125061304561,0.09931338891613536,0.09943599803825405,0.10164296223639038,0.09906817067189799,0.10041687101520354,0.10029426189308485,0.10127513487003433,0.09980382540461011,0.09955860716037274,0.0999264345267288,0.09833251593918588,0.09906817067189799,0.0963707699852869,0.10102991662579695,0.10201078960274644,0.10262383521333987,0.10250122609122118,0.10470819028935753,