# R script for Peak Model
#  -- generated by MACS
p <- c(0.04055702539566863,0.05687489108220719,0.06542988862660604,0.06907368387699815,0.07731182966049334,0.07651970025823418,0.07382646029055306,0.06970738739880547,0.0698658132792573,0.07081636856196828,0.06954896151835364,0.05909285340853282,0.056716465201755356,0.05877600164762916,0.05624118756039987,0.05798387224537,0.05481535463633339,0.05703331696265902,0.058934427528080986,0.058142298125821834,0.057508594604014515,0.05877600164762916,0.05861757576717733,0.05703331696265902,0.0543400769949779,0.0522805405491041,0.053389521712266914,0.05291424407091142,0.049428874700971154,0.048003041776904676,0.04911202294006749,0.047686190016001016,0.04673563473329003,0.04990415234232664,0.05132998526639312,0.04974572646187481,0.05196368878820044,0.053072669951363255,0.05497378051678522,0.05766702048446634,0.05798387224537,0.05655803932130353,0.05861757576717733,0.06131081573485845,0.06305350041982859,0.0641624815829914,0.06400405570253957,0.06352877806118408,0.06337035218073224,0.06194451925666577,0.060677112213051124,0.06194451925666577,0.06131081573485845,0.0563996134408517,0.055924335799496204,0.05798387224537,0.057825446364918175,0.0563996134408517,0.05608276167994804,0.05655803932130353,0.05655803932130353,0.05544905815814071,0.055607484038592545,0.057508594604014515,0.0563996134408517,0.05465692875588156,0.058459149886725494,0.061152389854406616,0.060677112213051124,0.06305350041982859,0.0662220180288652,0.0719253497251311,0.07699497789958967,0.07699497789958967,0.07984664374772263,0.0817477543131446,0.0796882178672708,0.0812724766717891,0.08269830959585558,0.08222303195450009,0.07778710730184883,0.0719253497251311,0.06685572155067251,0.06606359214841337,0.06828155447473899,0.06685572155067251,0.0636872039416359,0.06289507453937675,0.06162766749576211,0.05940970516943648,0.061469241615310276,0.06321192630028041,0.060043408691243805,0.060043408691243805,0.05576590991904438,0.05449850287542973,0.055607484038592545,0.05402322523407424,0.05243896642955593,0.05148841114684495,0.0506962817445858,0.05101313350548946,0.05148841114684495,0.05132998526639312,0.053706373473170574,0.053072669951363255,0.05243896642955593,0.05259739231000776,0.05465692875588156,0.05655803932130353,0.056716465201755356,0.05465692875588156,0.05719174284311085,0.057508594604014515,0.05513220639723705,0.05687489108220719,0.05608276167994804,0.05608276167994804,0.055290632277688885,0.055924335799496204,0.05687489108220719,0.05956813104988831,0.058142298125821834,0.05830072400627367,0.06099396397395478,0.0621029451371176,0.06447933334389506,0.06384562982208773,0.06400405570253957,0.0621029451371176,0.06241979689802126,0.06083553809350296,0.06669729567022069,0.06606359214841337,0.07018266504016096,0.0693905356379018,0.07018266504016096,0.0719253497251311,0.0719253497251311,0.0755691449755232,0.07937136610636714,0.08491627192218121,0.08143090255224093,0.08158932843269276,0.07699497789958967,0.08349043899811473,0.08063877314998179,0.07952979198681896,0.07842081082365615,0.07636127437778235,0.07255905324693843,0.06685572155067251,0.06432090746344322,0.06495461098525054,0.06241979689802126,0.05449850287542973,0.05402322523407424,0.05386479935362241,0.05624118756039987,0.055290632277688885,0.05544905815814071,0.05513220639723705,0.05798387224537,0.05830072400627367,0.05909285340853282,0.06384562982208773,0.06669729567022069,0.06796470271383533,0.06653886978976886,0.06717257331157618,0.06638044390931702,0.06812312859428717,0.06843998035519082,0.06954896151835364,0.07208377560558293,0.06828155447473899,0.06764785095293167,0.06812312859428717,0.06954896151835364,0.07097479444242011,0.07129164620332377,0.07240062736648659,0.06954896151835364,0.06796470271383533,0.06638044390931702,0.06669729567022069,0.06859840623564266,0.06653886978976886,0.06527146274615421,0.0621029451371176,0.060043408691243805,0.05687489108220719,0.057508594604014515,0.0563996134408517,0.05576590991904438,0.05576590991904438,0.05212211466865227,0.05465692875588156,0.05576590991904438,0.05687489108220719,0.05861757576717733,0.059251279288984646,0.05909285340853282,0.05956813104988831,0.059251279288984646,0.05798387224537,0.05940970516943648,0.05861757576717733,0.05956813104988831,0.06194451925666577,0.06479618510479872,0.06558831450705788,0.06606359214841337,0.06432090746344322,0.06479618510479872,0.06638044390931702,0.06495461098525054,0.0625782227784731,0.060043408691243805,0.05766702048446634,0.054181651114526067,0.055924335799496204,0.05735016872356268,0.059251279288984646,0.057825446364918175,0.05719174284311085,0.058934427528080986,0.05988498281079197,0.0625782227784731,0.06542988862660604,0.0662220180288652,0.0625782227784731,0.0621029451371176,0.06289507453937675,0.06527146274615421,0.06400405570253957,0.06447933334389506,0.06352877806118408,0.06194451925666577,0.060043408691243805,0.05909285340853282,0.06321192630028041,0.0621029451371176,0.0621029451371176,0.06162766749576211,0.06321192630028041,0.06273664865892492,0.06384562982208773,0.061786093376213935,0.06083553809350296,0.05972655693034014,0.05719174284311085,0.05624118756039987,0.052755818190459595,0.0506962817445858,0.051171559385941284,0.050854707625037625,0.05243896642955593,0.05449850287542973,0.055607484038592545,0.055607484038592545,0.14559338413523232,0.15288097463601655,0.15826745457137878,0.16317865686538552,0.1650797674308075,0.18013022607373141,0.18028865195418323,0.1815560589977979,0.1817144848782497,0.18519985424819,0.09458025062974287,0.08650053072669951,0.08412414251992205,0.0796882178672708,0.07794553318230066,0.06400405570253957,0.06273664865892492,0.06162766749576211,0.06083553809350296,0.06162766749576211,0.06479618510479872,0.06685572155067251,0.0657467403875097,0.06717257331157618,0.06859840623564266,0.06843998035519082,0.06891525799654631,0.06875683211609449,0.06923210975744998,0.06685572155067251,0.06495461098525054,0.06669729567022069,0.06701414743112435,0.06653886978976886,0.06352877806118408,0.061786093376213935,0.06305350041982859,0.06273664865892492,0.06051868633259929,0.06051868633259929,0.06083553809350296,0.060360260452147464,0.06194451925666577,0.06099396397395478,0.0641624815829914,0.06606359214841337,0.06432090746344322,0.06495461098525054,0.06812312859428717,0.0714500720837756,0.07731182966049334,0.08063877314998179,0.08507469780263303,0.08966904833573612,0.09014432597709161,0.09505552827109837,0.09901617528239413,0.1029768222936899,0.1034520999350454,0.106620617544082,0.10440265521775638,0.10107571172826793,0.09885774940194231,0.09759034235832766,0.10044200820646061,0.09933302704329779,0.09869932352149047,0.09695663883652034,0.09917460116284596,0.09568923179290569,0.09743191647787583,0.10075885996736426,0.09996673056510512,0.09759034235832766,0.09347126946658006,0.09394654710793555,0.09141173302070627,0.09046117773799528,0.0895106224552843,0.0910948812598026,0.08998590009663979,0.08729266012895867,0.08808478953121782,0.09077802949889895,0.09014432597709161,0.08554997544398853,0.08618367896579585,0.08681738248760318,0.08808478953121782,0.08491627192218121,0.08317358723721108,0.08602525308534402,0.08507469780263303,0.0858668272048922,0.0874510860094105,0.09141173302070627,0.09410497298838738,0.09426339886883921,0.09014432597709161,0.09648136119516484,0.10075885996736426,0.09933302704329779,0.09996673056510512,0.09869932352149047,0.09885774940194231,0.09378812122748373,0.09236228830341725,0.09030275185754345,0.09283756594477274,0.08760951188986232,0.08206460607404825,0.0801634955086263,0.07842081082365615,0.07715340378004151,0.07794553318230066,0.08190618019359643,0.07873766258455982,0.0796882178672708,0.0801634955086263,0.08095562491088544,0.08222303195450009,0.0833320131176629,0.08206460607404825,0.08444099428082572,0.08491627192218121,0.08554997544398853,0.08554997544398853,0.08570840132444037,0.08713423424850683,0.08808478953121782,0.08618367896579585,0.08602525308534402,0.0910948812598026,0.08966904833573612,0.08871849305302514,0.0858668272048922,0.08713423424850683,