# R script for Peak Model
#  -- generated by MACS
p <- c(0.03358120904453897,0.04023694417048363,0.044926212100126456,0.05203574734829462,0.05717881540016095,0.05611994844830612,0.05611994844830612,0.05642248186312178,0.058540215766831445,0.058237682352015784,0.05914528259646278,0.058540215766831445,0.06035541625572544,0.05990161613350194,0.059447816011278444,0.05914528259646278,0.05929654930387061,0.06020414954831761,0.058994015889054945,0.06186808332980378,0.06232188345202728,0.06217061674461944,0.06126301650017244,0.06126301650017244,0.06156554991498811,0.06277568357425077,0.06171681662239594,0.06201935003721161,0.06398581723351345,0.06413708394092127,0.06322948369647427,0.06383455052610561,0.06443961735573694,0.06489341747796044,0.0661035511372231,0.06625481784463094,0.06534721760018394,0.0651959508927761,0.06247315015943511,0.06050668296313328,0.06186808332980378,0.06096048308535678,0.06065794967054111,0.05929654930387061,0.058994015889054945,0.05869148247423928,0.06080921637794894,0.05990161613350194,0.05975034942609411,0.05990161613350194,0.05914528259646278,0.05914528259646278,0.05959908271868628,0.06096048308535678,0.06080921637794894,0.05975034942609411,0.05929654930387061,0.05914528259646278,0.06459088406314477,0.0733643530927991,0.07911248797429676,0.08773469029654325,0.09257522493359392,0.09045749102988425,0.09136509127433125,0.12267729970775272,0.1303919017855522,0.13780397044853604,0.1394679042300222,0.14052677118187704,0.14113183801150836,0.14067803788928487,0.1412831047189162,0.14869517338190003,0.15686357558192301,0.13931663752261436,0.13840903727816736,0.14324957191521803,0.14642617277078254,0.1426445050855867,0.1412831047189162,0.14098057130410055,0.14113183801150836,0.13961917093743004,0.13356850264111672,0.12252603300034488,0.11919816543737256,0.1107272298225339,0.10422276140399707,0.10240756091510307,0.09711322615582892,0.09136509127433125,0.08909609066321375,0.08985242420025291,0.08894482395580591,0.08985242420025291,0.08637328992987275,0.08607075651505709,0.08486062285579442,0.08607075651505709,0.08743215688172759,0.09151635798173909,0.09151635798173909,0.08773469029654325,0.08803722371135891,0.09378535859285658,0.09302902505581742,0.09076002444469991,0.09060875773729209,0.08622202322246492,0.08274288895208476,0.07654095394836359,0.0738181532150226,0.07275928626316777,0.07230548614094427,0.06413708394092127,0.06443961735573694,0.06232188345202728,0.06065794967054111,0.06005288284090978,0.06262441686684295,0.06534721760018394,0.0651959508927761,0.06580101772240744,0.06443961735573694,0.06413708394092127,0.0647421507705526,0.0656497510149996,0.06504468418536827,0.06534721760018394,0.06580101772240744,0.06353201711128995,0.06549848430759177,0.06459088406314477,0.06580101772240744,0.06625481784463094,0.06580101772240744,0.06822128504093278,0.0706415523594581,0.07124661918908944,0.07170041931131294,0.07139788589649727,0.06988521882241894,0.0697339521150111,0.0674649515038936,0.06670861796685444,0.06580101772240744,0.06277568357425077,0.06035541625572544,0.05914528259646278,0.05672501527793745,0.058237682352015784,0.058388949059423614,0.05959908271868628,0.05990161613350194,0.06035541625572544,0.06111174979276461,0.06156554991498811,0.06156554991498811,0.06383455052610561,0.06489341747796044,0.06383455052610561,0.06247315015943511,0.06171681662239594,0.06141428320758028,0.06096048308535678,0.06126301650017244,0.06201935003721161,0.06201935003721161,0.06080921637794894,0.06186808332980378,0.06262441686684295,0.06338075040388211,0.06292695028165861,0.06761621821130144,0.0715491526039051,0.07366688650761477,0.07533082028910093,0.07880995455948109,0.07805362102244193,0.08032262163355942,0.0801713549261516,0.08002008821874376,0.0815327552928221,0.07926375468170459,0.07669222065577143,0.07487702016687743,0.07306181967798343,0.07230548614094427,0.07366688650761477,0.0701877522372346,0.06912888528537978,0.06867508516315628,0.0683725517483406,0.0683725517483406,0.0683725517483406,0.06958268540760328,0.06943141870019544,0.0683725517483406,0.07003648552982678,0.07003648552982678,0.07094408577427377,0.07124661918908944,0.0697339521150111,0.06761621821130144,0.06640608455203877,0.06413708394092127,0.06338075040388211,0.06186808332980378,0.06020414954831761,0.05929654930387061,0.05959908271868628,0.057935148937200115,0.058086415644607946,0.06020414954831761,0.06080921637794894,0.06247315015943511,0.06368328381869777,0.06413708394092127,0.06322948369647427,0.06368328381869777,0.06262441686684295,0.06489341747796044,0.06504468418536827,0.0665573512594466,0.06504468418536827,0.06443961735573694,0.06443961735573694,0.06640608455203877,0.0683725517483406,0.06807001833352494,0.0683725517483406,0.06943141870019544,0.06852381845574844,0.06534721760018394,0.06625481784463094,0.06912888528537978,0.0683725517483406,0.06670861796685444,0.06353201711128995,0.0642883506483291,0.06398581723351345,0.06171681662239594,0.06262441686684295,0.06292695028165861,0.06186808332980378,0.058237682352015784,0.058388949059423614,0.057027548692753116,0.05627121515571395,0.05551488161867478,0.05581741503349045,0.05672501527793745,0.05506108149645128,0.05611994844830612,0.058388949059423614,0.06126301650017244,0.06126301650017244,0.06096048308535678,0.06247315015943511,0.06201935003721161,0.06201935003721161,0.06247315015943511,0.06307821698906645,0.06277568357425077,0.06307821698906645,0.06368328381869777,0.06580101772240744,0.0670111513816701,0.06716241808907794,0.0683725517483406,0.0706415523594581,0.07079281906686594,0.07275928626316777,0.07260801955575993,0.07396941992243043,0.07351561980020693,0.07487702016687743,0.07578462041132443,0.07714602077799493,0.07911248797429676,0.07714602077799493,0.07790235431503409,0.07759982090021843,0.07684348736317927,0.07548208699650877,0.07593588711873227,0.07351561980020693,0.07321308638539127,0.07593588711873227,0.07578462041132443,0.07835615443725759,0.0797175548039281,0.08002008821874376,0.0801713549261516,0.08138148858541426,0.08077642175578292,0.08092768846319076,0.08002008821874376,0.07759982090021843,0.07533082028910093,0.07593588711873227,0.0738181532150226,0.07351561980020693,0.07487702016687743,0.0742719533372461,0.07412068662983827,0.07684348736317927,0.07941502138911243,0.08168402200022992,0.0847093561483866,0.0842555560261631,0.08622202322246492,0.08803722371135891,0.08939862407802941,0.09030622432247641,0.09242395822618608,0.09030622432247641,0.09015495761506859,0.09045749102988425,0.09363409188544874,0.09454169212989574,0.09620562591138192,0.09756702627805242,0.09786955969286808,0.09726449286323674,0.09620562591138192,0.09741575957064458,0.09665942603360542,0.09393662530026442,0.08970115749284509,0.08531442297801792,0.08274288895208476,0.08123022187800642,0.07880995455948109,0.08123022187800642,0.08032262163355942,0.08077642175578292,0.0838017559039396,0.08561695639283359,0.08591948980764925,0.08894482395580591,0.09060875773729209,0.09076002444469991,0.09151635798173909,0.09076002444469991,0.09348282517804092,0.09242395822618608,0.09348282517804092,0.09620562591138192,0.09726449286323674,0.09726449286323674,0.09726449286323674,0.09756702627805242,0.09862589322990724,0.09650815932619758,0.09529802566693492,0.09650815932619758,0.09681069274101324,0.09408789200767224,0.09227269151877825,0.09529802566693492,0.09635689261878974,0.09832335981509158,0.09756702627805242,0.10013856030398557,0.10013856030398557,0.09953349347435424,0.09439042542248792,0.09590309249656624,0.09817209310768374,0.09892842664472291,0.09681069274101324,0.09499549225211924,0.09590309249656624,0.09771829298546024,0.09907969335213074,0.10074362713361691,0.10119742725584041,0.10104616054843257,0.10059236042620907,0.09786955969286808,0.09983602688916991,0.10331516115955007,0.10588669518548324,0.10255882762251091,0.09862589322990724,0.09786955969286808,0.09832335981509158,0.09711322615582892,0.09514675895952708,0.09696195944842108,0.09605435920397408,0.09287775834840958,0.08970115749284509,0.09136509127433125,0.09212142481137042,0.09499549225211924,